
 LeedsNet < New Attempts Next> : Results when LeedsNet2 was trained on My civil dataset dataset 


 Network architechture 

____________________________________________________________________________________________________
Layer (type)                     Output Shape          Param #     Connected to                     
====================================================================================================
convolution2d_1 (Convolution2D)  (None, 98, 98, 16)    448         convolution2d_input_1[0][0]      
____________________________________________________________________________________________________
dropout_1 (Dropout)              (None, 98, 98, 16)    0           convolution2d_1[0][0]            
____________________________________________________________________________________________________
convolution2d_2 (Convolution2D)  (None, 96, 96, 32)    4640        dropout_1[0][0]                  
____________________________________________________________________________________________________
dropout_2 (Dropout)              (None, 96, 96, 32)    0           convolution2d_2[0][0]            
____________________________________________________________________________________________________
maxpooling2d_1 (MaxPooling2D)    (None, 48, 48, 32)    0           dropout_2[0][0]                  
____________________________________________________________________________________________________
flatten_1 (Flatten)              (None, 73728)         0           maxpooling2d_1[0][0]             
____________________________________________________________________________________________________
dense_1 (Dense)                  (None, 256)           18874624    flatten_1[0][0]                  
____________________________________________________________________________________________________
dropout_3 (Dropout)              (None, 256)           0           dense_1[0][0]                    
____________________________________________________________________________________________________
dense_2 (Dense)                  (None, 6)             1542        dropout_3[0][0]                  
====================================================================================================
Total params: 18881254
____________________________________________________________________________________________________
None

 Results: Colomn headings 
 dict_keys(['val_loss', 'loss', 'acc', 'val_acc'])

 Results: Training 
 {'val_loss': [1.7914966004235404, 1.7882008382252284, 1.7860843794686454, 1.7795431103025163, 1.7790033646992274, 1.763461743082319, 1.7524689435958862, 1.742174506187439, 1.7265898329871041, 1.724077922957284, 1.6952507666179113, 1.685423391205924, 1.6374621391296387, 1.6394726378577096, 1.6136845350265503, 1.6258340052195959, 1.5949389083044869, 1.5385560478482927, 1.53169127873012, 1.5075999328068324, 1.5186471428189958, 1.4664150817053658, 1.5349393231528146, 1.4712046044213432, 1.4233088323048182, 1.4605837890080042, 1.3998929091862269, 1.5692940950393677, 1.4450839757919312, 1.4396421909332275, 1.4346060241971696, 1.4641594716480799, 1.395465271813529, 1.3508468866348267, 1.373454213142395, 1.3473528623580933, 1.4156899111611503, 1.3694371666227068, 1.3039907217025757, 1.3082435301371984, 1.2930203505924769, 1.3159900903701782, 1.3215601614543371, 1.3358934095927648, 1.2774103028433663, 1.3690904038293021, 1.364221385547093, 1.2451322759900774, 1.2405828918729509, 1.3134125471115112], 'loss': [1.8994770121431637, 1.8628195824023492, 1.8460238993524791, 1.8263556250555073, 1.7912894801465338, 1.7659918805082402, 1.7636150385805234, 1.7328979233781734, 1.6956910466005701, 1.5978560740362384, 1.6761550218045353, 1.6346828287946964, 1.547587531769347, 1.5234985108860952, 1.5138821915952032, 1.5448181672010592, 1.4021730530047845, 1.34619193448278, 1.432809599859272, 1.2901483759908619, 1.2659461419739408, 1.2949073193315974, 1.2164580479353488, 1.2876636817783653, 1.0768666217427054, 1.1268367239101205, 1.0617203348411057, 1.1560458758634007, 1.1699460687751542, 1.0496692000748868, 1.0578244364190243, 1.0833498746335148, 0.97477409546960614, 0.99107325219822506, 0.95312093974587442, 0.9178328635449895, 1.0531700171396403, 0.80679922510763846, 1.0266180166941203, 0.8582430831686465, 0.79304070422749318, 0.79199692803228683, 1.005282470922984, 0.95527603419241081, 0.80331242405725811, 0.74626379883931782, 0.85380670017824911, 0.61602993229192171, 0.82232659912394901, 0.74037741918763711], 'acc': [0.16766467378168048, 0.15568862560980334, 0.233532933864051, 0.22754491446260922, 0.2574850313677759, 0.28143712449930386, 0.32335329501928683, 0.31736526803342169, 0.35329341834890626, 0.40718562124732011, 0.37125748378074097, 0.40718562909942901, 0.50898202736220677, 0.44910180211781026, 0.46706587147569945, 0.41916168521264358, 0.50898203164517519, 0.5449101753577501, 0.50898204627865085, 0.55688623504010504, 0.53892215711627889, 0.53892216104233337, 0.55688622700953916, 0.57485030903787671, 0.64670659432154221, 0.62275449994081511, 0.64670659003857367, 0.60479042246313153, 0.62874252246525475, 0.64670657290669975, 0.64670658575560513, 0.62874251389931779, 0.67664668981186649, 0.65868264365338991, 0.70658682813187557, 0.72455090855409998, 0.64071855288065838, 0.74251498005347338, 0.69461077023409079, 0.70658682813187557, 0.74850299865185854, 0.73652694468012825, 0.64071856323116549, 0.70059880560743593, 0.74850299436889012, 0.79041917773777848, 0.74850299436889012, 0.8383233707822012, 0.74251495471257645, 0.76047903513480086], 'val_acc': [0.095238098076411662, 0.095238098076411662, 0.1428571492433548, 0.2142857164144516, 0.2142857164144516, 0.2619047739676067, 0.2142857164144516, 0.2619047633239201, 0.3333333304950169, 0.3333333432674408, 0.42857143708637785, 0.45238094670431955, 0.42857143708637785, 0.3095238081046513, 0.3571428528853825, 0.5238095096179417, 0.380952388048172, 0.45238094670431955, 0.49999999148505075, 0.42857143708637785, 0.45238094670431955, 0.4761904648372105, 0.4285714200564793, 0.4761904648372105, 0.49999999148505075, 0.3571428656578064, 0.5, 0.4285714328289032, 0.49999999148505075, 0.45238094670431955, 0.4047619104385376, 0.3809523752757481, 0.49999999148505075, 0.5238095266478402, 0.5238095266478402, 0.49999999148505075, 0.49999999148505075, 0.47619048186710905, 0.59523811510631019, 0.54761906181062969, 0.5238095266478402, 0.5, 0.47619048186710905, 0.5238095266478402, 0.57142859697341919, 0.4761904648372105, 0.4523809552192688, 0.54761906181062969, 0.54761906181062969, 0.47619048186710905]} 


 Time taken for training 
  Start Time: 2017-02-09 17:13:35.568529 
 End Time: 2017-02-09 17:16:05.867755 

