
 LeedsNet < New Attempts Next> : Results when LeedsNet2 was trained on My civil dataset dataset 


 Network architechture 

____________________________________________________________________________________________________
Layer (type)                     Output Shape          Param #     Connected to                     
====================================================================================================
convolution2d_1 (Convolution2D)  (None, 98, 98, 16)    448         convolution2d_input_1[0][0]      
____________________________________________________________________________________________________
dropout_1 (Dropout)              (None, 98, 98, 16)    0           convolution2d_1[0][0]            
____________________________________________________________________________________________________
convolution2d_2 (Convolution2D)  (None, 96, 96, 32)    4640        dropout_1[0][0]                  
____________________________________________________________________________________________________
dropout_2 (Dropout)              (None, 96, 96, 32)    0           convolution2d_2[0][0]            
____________________________________________________________________________________________________
maxpooling2d_1 (MaxPooling2D)    (None, 48, 48, 32)    0           dropout_2[0][0]                  
____________________________________________________________________________________________________
flatten_1 (Flatten)              (None, 73728)         0           maxpooling2d_1[0][0]             
____________________________________________________________________________________________________
dense_1 (Dense)                  (None, 256)           18874624    flatten_1[0][0]                  
____________________________________________________________________________________________________
dropout_3 (Dropout)              (None, 256)           0           dense_1[0][0]                    
____________________________________________________________________________________________________
dense_2 (Dense)                  (None, 6)             1542        dropout_3[0][0]                  
====================================================================================================
Total params: 18881254
____________________________________________________________________________________________________
None

 Results: Colomn headings 
 dict_keys(['acc', 'val_acc', 'loss', 'val_loss'])

 Results: Training 
 {'acc': [0.1721854309569921, 0.1721854309569921, 0.22516556340732322, 0.19867549718215766, 0.29801324601994444, 0.27152317841321427, 0.29139072808208843, 0.35099337531241359, 0.37086092636285239, 0.36423841158285836, 0.41059602747689811, 0.45695364179200681, 0.45033112681464643, 0.46357615657200085, 0.47682119126351463, 0.41721854225689214, 0.50993377246604066, 0.52317880873648537, 0.46357616249299205, 0.5430463554448639, 0.50993377088710967, 0.51655628744340099, 0.6026490101751113, 0.58278146050623714, 0.58278145734837516, 0.56953642423579232, 0.61589404170876305, 0.57615893960788545, 0.62913907166348393, 0.66225165602387182, 0.68874172382796839, 0.61589404170876305, 0.69536423564746674, 0.62251655668612349, 0.68874172382796839, 0.70860926876004959, 0.69536424038425981, 0.75496688307515836, 0.68874172382796839, 0.74172184996257551, 0.72847682316571671, 0.72185430779362358, 0.79470198241290668, 0.6953642419631908, 0.74834437401878917, 0.77483443432296351, 0.74834436809779792, 0.78145695087925493, 0.72847681684999277, 0.82119204863807227], 'val_acc': [0.1578947376263769, 0.078947369205324275, 0.10526315867900848, 0.13157894815269269, 0.23684210683170118, 0.34210526472643804, 0.23684210683170118, 0.26315789630538539, 0.34210526315789475, 0.36842105263157893, 0.3157894752527538, 0.34210526315789475, 0.39473684367380646, 0.44736842418971817, 0.39473684210526316, 0.50000000313708659, 0.36842105263157893, 0.42105263314749064, 0.47368421366340235, 0.42105263314749064, 0.44736842105263158, 0.44736842418971817, 0.44736842105263158, 0.47368421366340235, 0.44736842105263158, 0.42105263157894735, 0.55263157581028188, 0.52631579261077077, 0.47368421366340235, 0.47368421366340235, 0.47368421052631576, 0.49999999686291341, 0.52631579261077077, 0.47368421366340235, 0.49999999686291341, 0.57894737155813925, 0.42105263471603394, 0.47368421366340235, 0.42105263471603394, 0.50000000313708659, 0.47368421366340235, 0.57894737155813925, 0.57894736528396606, 0.44736842418971817, 0.52631579261077077, 0.57894736528396606, 0.55263158208445495, 0.44736842105263158, 0.57894737155813925, 0.57894737155813925], 'loss': [1.8085028296274854, 1.8774015224532576, 1.832606884817414, 1.8268182032945139, 1.7903998419149032, 1.7720585256222858, 1.7532794996602645, 1.7140691154050511, 1.7375522220371575, 1.6451645931660734, 1.6441482226580184, 1.572578205967581, 1.5961903973130991, 1.4870728570104434, 1.4607472648683764, 1.472959156857421, 1.3788790844923613, 1.3267542550105922, 1.4488007998624384, 1.339645618634508, 1.3103632326947143, 1.3589398134623143, 1.2578414923307912, 1.1475308880900705, 1.170394555227646, 1.2612583428029194, 1.0338979466071982, 1.1928801441824199, 1.1166837393053319, 1.0756409614291411, 1.0215336467256608, 1.128257047656356, 0.9328300041078732, 1.0971312112366127, 0.85072694077397026, 0.92525302692754374, 0.96352640011452684, 0.80166508227784117, 0.9131073876721969, 0.75375555051083598, 0.71589563185016047, 0.79261741101347061, 0.59365022458777528, 0.83300271255291058, 0.86865575858299304, 0.74501533263566477, 0.73719272629314703, 0.74313547555973991, 0.71967072636875884, 0.61821770944342713], 'val_loss': [1.7887824522821527, 1.7892106771469116, 1.7894513042349565, 1.782651794584174, 1.7778823061993247, 1.7645347808536731, 1.7575446618230719, 1.7440613257257562, 1.7248783425280922, 1.719822413042972, 1.6971072836926109, 1.7106685889394659, 1.6715414712303562, 1.6316146411393817, 1.6042260057047795, 1.600878263774671, 1.5909791996604519, 1.5873680804905139, 1.5628263573897512, 1.5671921341042769, 1.5065175420359562, 1.5464535261455334, 1.5023566735418219, 1.5013971893410933, 1.4428741492723163, 1.4750721140911704, 1.4236803494001691, 1.415927253271404, 1.3706628460633128, 1.4088628166600277, 1.4441597649925633, 1.3590663106817948, 1.3406557911320736, 1.456239756784941, 1.3521196904935335, 1.3269873606531244, 1.3476334308323108, 1.2527071237564087, 1.3273186181720935, 1.3158895906649137, 1.4616013012434308, 1.2706147808777659, 1.2707038364912335, 1.4244172384864406, 1.2673809967542951, 1.2693436020299007, 1.2583629645799335, 1.4184675655866925, 1.2061252844961066, 1.1928574223267405]} 


 Time taken for training 
  Start Time: 2017-02-09 17:15:41.499842 
 End Time: 2017-02-09 17:15:41.499958 

